97 159
100 216
106 276
119 330
142 377
176 417
214 449
253 476
298 484
344 477
385 448
424 414
457 373
481 327
494 275
500 219
503 161
139 160
168 145
203 148
236 160
267 175
333 174
365 160
397 150
431 148
461 161
299 213
299 250
299 287
298 324
256 334
276 342
297 349
318 343
339 337
179 201
202 194
227 197
250 214
225 218
199 216
349 216
369 198
395 195
420 201
400 217
373 219
226 378
253 376
276 373
296 380
315 375
338 380
365 385
339 405
315 414
294 415
273 412
251 400
237 381
275 385
295 389
316 387
354 386
315 387
294 390
274 386
